Initial Population
[1594, 38, 38, 1594, 53, 28, 95, 48, 122, 2, 193, 1, 2, 9, 11270]
[1867, 82, 82, 1867, 60, 30, 89, 49, 151, 3, 180, 3, 2, 8, 11437]
[1296, 8, 8, 1296, 70, 37, 65, 49, 188, 1, 196, 2, 1, 9, 11250]
[1330, 55, 55, 1330, 89, 40, 51, 48, 153, 3, 184, 3, 1, 9, 12757]
[1091, 12, 12, 1091, 81, 34, 74, 49, 144, 3, 124, 1, 2, 8, 11415]
[1026, 36, 36, 1026, 75, 20, 90, 48, 197, 1, 111, 2, 1, 8, 14663]
[1759, 35, 35, 1759, 77, 36, 93, 49, 185, 3, 122, 2, 2, 9, 13513]
[1426, 100, 100, 1426, 100, 31, 71, 48, 100, 2, 179, 3, 1, 8, 14124]



gen     evals   std                                             min                     avg                                                     max                                          
0       8       [   0.          195.14189549  100.73162053]     [   1.  865.   55.]     [  1.00000000e+00   1.10587500e+03   2.67125000e+02]    [  1.00000000e+00   1.43600000e+03   3.61000000e+02]
1       8       [  3.30718914e-01   3.05034358e+18   3.05034358e+18]    [  0.00000000e+00  -9.22337204e+18   1.50000000e+01]    [  8.75000000e-01  -1.15292150e+18   1.15292150e+18]    [  1.00000000e+00   1.43600000e+03   9.22337204e+18]
2       8       [  4.33012702e-01   3.99383725e+18   3.99383725e+18]    [  0.00000000e+00  -9.22337204e+18   1.50000000e+01]    [  7.50000000e-01  -2.30584301e+18   2.30584301e+18]    [  1.00000000e+00   1.21500000e+03   9.22337204e+18]
3       8       [  4.33012702e-01   3.99383725e+18   3.99383725e+18]    [  0.00000000e+00  -9.22337204e+18   1.50000000e+01]    [  7.50000000e-01  -2.30584301e+18   2.30584301e+18]    [  1.00000000e+00   1.21500000e+03   9.22337204e+18]
4       8       [  4.33012702e-01   3.99383725e+18   3.99383725e+18]    [  0.00000000e+00  -9.22337204e+18   1.50000000e+01]    [  7.50000000e-01  -2.30584301e+18   2.30584301e+18]    [  1.00000000e+00   1.23700000e+03   9.22337204e+18]
5       8       [  4.33012702e-01   3.99383725e+18   3.99383725e+18]    [  0.00000000e+00  -9.22337204e+18   1.50000000e+01]    [  7.50000000e-01  -2.30584301e+18   2.30584301e+18]    [  1.00000000e+00   1.23700000e+03   9.22337204e+18]
6       8       [  4.33012702e-01   3.99383725e+18   3.99383725e+18]    [  0.00000000e+00  -9.22337204e+18   1.50000000e+01]    [  7.50000000e-01  -2.30584301e+18   2.30584301e+18]    [  1.00000000e+00   1.23700000e+03   9.22337204e+18]
7       8       [  4.33012702e-01   3.99383725e+18   3.99383725e+18]    [  0.00000000e+00  -9.22337204e+18   1.50000000e+01]    [  7.50000000e-01  -2.30584301e+18   2.30584301e+18]    [  1.00000000e+00   1.23700000e+03   9.22337204e+18]
8       8       [  4.33012702e-01   3.99383725e+18   3.99383725e+18]    [  0.00000000e+00  -9.22337204e+18   1.50000000e+01]    [  7.50000000e-01  -2.30584301e+18   2.30584301e+18]    [  1.00000000e+00   1.23700000e+03   9.22337204e+18]
9       8       [  4.33012702e-01   3.99383725e+18   3.99383725e+18]    [  0.00000000e+00  -9.22337204e+18   1.50000000e+01]    [  7.50000000e-01  -2.30584301e+18   2.30584301e+18]    [  1.00000000e+00   1.23700000e+03   9.22337204e+18]
10      8       [  4.33012702e-01   3.99383725e+18   3.99383725e+18]    [  0.00000000e+00  -9.22337204e+18   1.50000000e+01]    [  7.50000000e-01  -2.30584301e+18   2.30584301e+18]    [  1.00000000e+00   1.23700000e+03   9.22337204e+18]
11      8       [  4.33012702e-01   3.99383725e+18   3.99383725e+18]    [  0.00000000e+00  -9.22337204e+18   1.50000000e+01]    [  7.50000000e-01  -2.30584301e+18   2.30584301e+18]    [  1.00000000e+00   1.25400000e+03   9.22337204e+18]
12      8       [  4.33012702e-01   3.99383725e+18   3.99383725e+18]    [  0.00000000e+00  -9.22337204e+18   6.00000000e+00]    [  7.50000000e-01  -2.30584301e+18   2.30584301e+18]    [  1.00000000e+00   1.25400000e+03   9.22337204e+18]
13      8       [  4.33012702e-01   3.99383725e+18   3.99383725e+18]    [  0.00000000e+00  -9.22337204e+18   6.00000000e+00]    [  7.50000000e-01  -2.30584301e+18   2.30584301e+18]    [  1.00000000e+00   1.25400000e+03   9.22337204e+18]
14      8       [  4.33012702e-01   3.99383725e+18   3.99383725e+18]    [  0.00000000e+00  -9.22337204e+18   6.00000000e+00]    [  7.50000000e-01  -2.30584301e+18   2.30584301e+18]    [  1.00000000e+00   1.25400000e+03   9.22337204e+18]
15      8       [  4.33012702e-01   3.99383725e+18   3.99383725e+18]    [  0.00000000e+00  -9.22337204e+18   6.00000000e+00]    [  7.50000000e-01  -2.30584301e+18   2.30584301e+18]    [  1.00000000e+00   1.25400000e+03   9.22337204e+18]
16      8       [  4.33012702e-01   3.99383725e+18   3.99383725e+18]    [  0.00000000e+00  -9.22337204e+18   6.00000000e+00]    [  7.50000000e-01  -2.30584301e+18   2.30584301e+18]    [  1.00000000e+00   1.25400000e+03   9.22337204e+18]
17      8       [  4.33012702e-01   3.99383725e+18   3.99383725e+18]    [  0.00000000e+00  -9.22337204e+18   6.00000000e+00]    [  7.50000000e-01  -2.30584301e+18   2.30584301e+18]    [  1.00000000e+00   1.25400000e+03   9.22337204e+18]
18      8       [  4.33012702e-01   3.99383725e+18   3.99383725e+18]    [  0.00000000e+00  -9.22337204e+18   6.00000000e+00]    [  7.50000000e-01  -2.30584301e+18   2.30584301e+18]    [  1.00000000e+00   1.25400000e+03   9.22337204e+18]
19      8       [  4.33012702e-01   3.99383725e+18   3.99383725e+18]    [  0.00000000e+00  -9.22337204e+18   6.00000000e+00]    [  7.50000000e-01  -2.30584301e+18   2.30584301e+18]    [  1.00000000e+00   1.25400000e+03   9.22337204e+18]
20      8       [  4.33012702e-01   3.99383725e+18   3.99383725e+18]    [  0.00000000e+00  -9.22337204e+18   6.00000000e+00]    [  7.50000000e-01  -2.30584301e+18   2.30584301e+18]    [  1.00000000e+00   1.25400000e+03   9.22337204e+18]
21      8       [  4.33012702e-01   3.99383725e+18   3.99383725e+18]    [  0.00000000e+00  -9.22337204e+18   6.00000000e+00]    [  7.50000000e-01  -2.30584301e+18   2.30584301e+18]    [  1.00000000e+00   1.25400000e+03   9.22337204e+18]
22      8       [  4.33012702e-01   3.99383725e+18   3.99383725e+18]    [  0.00000000e+00  -9.22337204e+18   6.00000000e+00]    [  7.50000000e-01  -2.30584301e+18   2.30584301e+18]    [  1.00000000e+00   1.25400000e+03   9.22337204e+18]
23      8       [  4.33012702e-01   3.99383725e+18   3.99383725e+18]    [  0.00000000e+00  -9.22337204e+18   6.00000000e+00]    [  7.50000000e-01  -2.30584301e+18   2.30584301e+18]    [  1.00000000e+00   1.25400000e+03   9.22337204e+18]

------------------------------------------------------------------------
# Runtime: 398.996 secs
 Final Population
[1087, 29, 7, 1326, 84, 30, 83, 48, 186, 2, 189, 0, 2, 9, 14555] (0.0, -9.223372036854776e+18, 9.223372036854776e+18)
[1087, 29, 7, 1971, 84, 30, 83, 48, 186, 2, 189, 0, 2, 9, 14555] (0.0, -9.223372036854776e+18, 9.223372036854776e+18)
[1087, 29, 55, 1971, 64, 33, 57, 48, 197, 1, 199, 3, 2, 8, 1] (1.0, 55.0, 6.0)
[1254, 77, 77, 1254, 57, 31, 71, 49, 110, 0, 189, 0, 2, 8, 14384] (1.0, 1254.0, 370.0)
[1254, 77, 77, 1254, 57, 31, 71, 49, 110, 1, 199, 3, 2, 8, 14384] (1.0, 1137.0, 361.0)
[1087, 29, 7, 1971, 64, 33, 57, 48, 197, 1, 199, 3, 2, 9, 14555] (1.0, 433.0, 312.0)
[1087, 29, 7, 1971, 64, 33, 83, 48, 186, 2, 189, 0, 2, 9, 14555] (1.0, 1001.0, 339.0)
[1087, 29, 55, 1971, 64, 33, 57, 48, 197, 1, 199, 3, 2, 9, 1] (1.0, 55.0, 6.0)

