Algorithm = SPEA2
Generation =  2
Population Size =  4
Initial Population
[1436, 25, 25, 1436, 83, 35, 83, 49, 128, 3, 190, 2, 2, 8, 12688]
[1104, 59, 59, 1104, 69, 22, 71, 49, 179, 2, 156, 2, 1, 9, 10224]
[1031, 1, 1, 1031, 77, 31, 51, 49, 111, 2, 184, 2, 1, 9, 11301]
[1822, 67, 67, 1822, 87, 30, 55, 48, 168, 1, 186, 3, 1, 9, 13761]
gen	evals	std                                        	min                	avg                                                 	max                                                 
0  	4    	[   0.          479.19639763   72.23918604]	[   1.  280.  204.]	[  1.00000000e+00   1.02825000e+03   3.24000000e+02]	[  1.00000000e+00   1.52800000e+03   3.97000000e+02]
1  	4    	[  4.33012702e-01   3.99383725e+18   3.99383725e+18]	[  0.00000000e+00  -9.22337204e+18   6.00000000e+01]	[  7.50000000e-01  -2.30584301e+18   2.30584301e+18]	[  1.00000000e+00   1.35000000e+03   9.22337204e+18]

------------------------------------------------------------------------
# Runtime: 18.224 secs
 Final Population 
[1436, 25, 25, 1436, 83, 35, 83, 49, 128, 3, 190, 2, 2, 8, 12688] (1.0, 1350.0, 397.0)
[1031, 1, 1, 1031, 77, 31, 51, 49, 111, 2, 184, 2, 1, 9, 11301] (1.0, 955.0, 352.0)
[1031, 1, 1, 1031, 77, 31, 51, 49, 128, 3, 190, 2, 2, 0, 11301] (1.0, 19.0, 60.0)
[1436, 25, 25, 1436, 83, 35, 83, 0, 111, 2, 184, 2, 1, 8, 12688] (0.0, -9.223372036854776e+18, 9.223372036854776e+18)

